         1   1936.8657    291.1281   0
         2   1324.9954     79.8554   8
         3   1274.8204     63.6425   8
         4   1321.2635     40.0186   8
         5   1308.3612     30.3620   0
         6   1640.5269     28.7946   0
         7   1110.4296     28.7298   0
         8   1126.0017     21.4607   0
         9   1010.2380     10.0836   0
        10   1308.4779      4.6042   0
        11    678.7654     42.1121   0
        12    856.4856     46.1049   0
        13   1093.5118     61.0437   0
        14   1137.4691     69.2574   0
        15   1611.2767     61.3971   0
        16   1626.8553     93.7765   0
        17    363.4747     92.6990   0
        18   1679.2565    101.0986   0
        19     15.5748    110.5702   0
        20    820.5828    124.6950   0
        21   1072.9271    129.2827   0
        22    580.5082    135.6788   0
        23   1354.0565    140.0923   0
        24   1502.6681    155.3615   0
        25   1769.9412    142.7519   0
        26   1538.0411    161.9145   0
        27    236.5151    170.8891   0
        28    548.4760    153.3090   0
        29     65.1026    177.7953   0
        30   1809.5104    193.5259   0
        31    814.1719    184.4595   0
        32    633.6882    205.3598   0
        33    738.9489    221.4551   0
        34   1119.5110    226.0104   0
        35   1701.9031    219.0106   0
        36    892.3529    296.2062   0
        37    503.7999    269.0374   0
        38    367.4131    247.5474   0
        39    558.8859    240.5267   0
        40    523.4084    242.6375   0
        41    494.3587    259.3436   0
        42    615.5996    276.0284   0
        43    409.4399    286.8086   0
        44    215.1190    276.7296   0
        45   1013.0627    310.3441   0
        46   1562.8522    355.1260   0
        47   1708.6494    329.1372   0
        48   1590.0853    345.4508   0
        49    908.9221    342.2008   0
        50   1864.4635    421.0162   0
        51   1011.1828    366.5201   0
        52    515.6332    385.3076   0
        53   1294.1095    422.0936   0
        54   1145.4260    395.3701   0
        55    254.4139    393.7136   0
        56    905.2028    423.8284   0
        57   1215.8431    393.1491   0
        58    524.6223    404.1245   0
        59     11.8767    401.8619   0
        60    513.7947    448.2353   0
        61   1746.6682    412.6041   0
        62    742.6008    412.0294   0
        63   1923.9911    447.5009   0
        64    425.8285    434.6601   0
        65     35.0316    461.6803   0
        66   1090.5444    460.4222   0
        67    818.9133    462.5579   0
        68    676.2734    492.9113   0
        69    740.8563    482.7379   0
        70   1980.3163    501.3144   0
        71   1746.4333    505.7985   0
        72   1755.5354    525.3164   0
        73    259.3542    525.9532   0
        74    856.5610    512.5989   0
        75   1210.2968    525.1609   0
        76    887.1452    514.6910   0
        77   1592.3881    518.7136   0
        78   1725.4493    529.1476   0
        79   1978.9574    531.7824   0
        80   1955.3337    547.5812   0
        81   1632.3512    572.7908   0
        82   1595.2191    558.8328   0
        83    603.3859    549.9663   0
        84    317.5802    575.0879   0
        85   1273.2229    565.8674   0
        86   1449.0468    562.8126   0
        87   1719.7480    572.5281   0
        88   1969.5444    576.6221   0
        89    321.8790    582.5018   0
        90    199.8014    582.1136   0
        91    346.8406    595.0659   0
        92    630.3170    589.5747   0
        93   1572.4519    606.6008   0
        94    932.3653    637.0558   0
        95   1573.5573    617.7783   0
        96   1853.4290    638.1263   0
        97    698.7650    634.3896   0
        98    282.8143    648.6172   0
        99   1810.8978    662.7283   0
       100    793.7482    663.7442   0
       101   1951.5453    685.0305   0
       102   1332.3833    690.7175   0
       103   1603.9526    710.7087   0
       104    199.4902    681.8862   0
       105    169.3457    689.2094   0
       106   1183.0918    720.7568   0
       107   1102.3192    715.8914   0
       108   1818.3375    726.9626   0
       109   1996.4514    794.2781   0
       110    644.6898    743.5613   0
       111   1512.3588    735.9167   0
       112   1557.3678    739.0704   0
       113    829.8973    733.3118   0
       114    542.7423    755.0428   0
       115   1128.0055    753.4240   0
       116   1676.5876    801.6793   0
       117   1979.7321    770.3541   0
       118   1342.0002    781.0394   0
       119   1900.9839    788.0524   0
       120   1423.3059    818.9631   0
       121   1819.7749    801.5463   0
       122   1208.4895    808.7043   0
       123     48.0331    819.8290   0
       124     52.3539    843.3734   0
       125    860.7700    827.1695   0
       126   1717.0715    809.0295   0
       127    415.2357    828.8260   0
       128    765.5353    813.0374   0
       129    291.2272    833.3311   0
       130   1161.5784    823.5811   0
       131   1995.7823    854.0627   8
       132    321.0851    851.3545   0
       133   1517.4088    858.6176   0
       134   1310.2662    879.0459   0
       135   1839.8861    875.6578   0
       136   1653.0613    888.5355   0
       137   1156.1177    901.1747   0
       138    550.6019    895.2451   0
       139   1367.8872    913.2457   0
       140    283.4832    913.1806   0
       141   1443.5901    918.3018   0
       142   1379.4087    936.2186   0
       143   1601.1464    946.0283   0
       144   1833.5450    956.0978   0
       145   1703.8804   1003.5708   0
       146   1998.5967    981.7905   0
       147   1127.5292   1006.9128   0
       148    825.5107    994.5936   0
       149   1323.6567   1007.6779   0
       150   1327.9248   1022.0698   0
       151    101.3151   1889.5457   0
       152   1991.0447   1987.7578   0
       153   1883.4319   1974.9020   0
       154    144.1572   1983.8856   0
       155   1847.7981   1951.9033   0
       156    402.1242   1955.3721   0
       157   1897.3708   1952.1836   0
       158   1879.9800   1953.1998   0
       159    158.0138   1952.0652   0
       160   1249.9913   1946.4580   0
       161    753.8281   1903.8872   0
       162   1562.8269   1906.3252   0
       163   1822.4353   1901.6881   0
       164    358.6457   1841.0010   0
       165    839.2146   1830.6667   0
       166     56.9162   1759.1285   0
       167   1341.9865   1750.8091   0
       168    453.8513   1745.0535   0
       169   1571.6296   1754.7328   0
       170    258.8434   1722.8693   0
       171    407.6172   1688.9225   0
       172   1517.7306   1675.5305   0
       173   1225.9010   1676.5424   0
       174   1598.9900   1742.7347   0
       175    452.1636   1700.4799   0
       176    243.8362   1691.0941   0
       177   1141.4974   1653.9856   0
       178    548.7437   1683.4480   0
       179    656.1890   1632.6661   0
       180    732.3428   1622.4468   0
       181    659.2663   1554.5626   0
       182   1175.5488   1555.9608   0
       183    725.7726   1637.6337   0
       184    198.0488   1640.7537   0
       185    685.5643   1624.0823   0
       186     25.1781   1534.5031   0
       187   1852.8586   1594.0229   0
       188    675.7596   1591.4943   0
       189    356.5095   1592.8202   0
       190   1989.6840   1567.2349   0
       191     17.2122   1542.6344   0
       192     32.8046   1542.9774   0
       193    120.9690   1785.0876   0
       194    980.8452   1530.3658   0
       195    173.4052   1783.9008   0
       196    600.6624   1487.9667   0
       197    112.6110   1525.8062   0
       198    323.4388   1529.7855   0
       199   1808.9989   1535.1168   8
       200    591.2783   1480.5833   0
       201   1616.7415   1543.6616   0
       202    625.9484   1496.4752   0
       203     71.6550   1702.5579   0
       204    538.3141   1506.7194   0
       205   1135.6162   1500.6193   0
       206   1813.8840   1485.0286   0
       207    529.8080   1484.1285   0
       208   1670.1456   1403.8794   0
       209      4.9619   1822.5601   0
       210    562.6066   1494.4675   0
       211   1057.6764   1731.0718   0
       212   1470.2847   1399.7927   0
       213   1051.8068   1405.0569   0
       214    100.7426   1409.6455   0
       215   1119.0298   1453.6676   0
       216    303.0156   1444.2341   0
       217    927.7444   1437.6366   0
       218   1739.8589   1416.7334   0
       219   1145.7275   1377.4230   0
       220   1375.0413   1391.7469   0
       221   1723.9786   1801.2095   0
       222    952.3425   1321.3896   0
       223    255.5282   1197.6534   0
       224   1659.9280   1836.9354   0
       225   1162.3115   1387.3647   0
       226   1746.3118   1829.2732   0
       227   1205.1260   1170.5399   0
       228    799.2023   1930.6685   0
       229   1005.4664   1223.4580   0
       230    615.1741   1176.7330   0
       231   1949.2642   1380.5129   0
       232    695.9458   1344.3586   0
       233   1454.4932   1220.5962   0
       234   1142.1035   1286.9104   0
       235    365.5315   1307.1295   0
       236    800.8463   1314.9744   0
       237   1466.0006   1224.8405   0
       238   1460.6472   1209.3170   0
       239    760.1481   1211.8522   0
       240    605.6521   1245.4332   0
       241   1901.8531   1230.2332   0
       242    578.4213   1220.0051   0
       243    586.5494   1251.1191   0
       244    269.4349   1235.2599   0
       245   1826.8671   1209.8181   0
       246   1208.8988   1197.4580   0
       247   1269.0350   1201.4645   0
       248    508.5862   1193.3075   0
       249    963.3261   1233.9348   0
       250   1776.7084   1186.7563   0
       251    394.9631   1179.8956   0
       252   1075.3866   1177.0900   0
       253     67.5913   1148.4913   0
       254   1319.6046   1843.0157   0
       255    655.2422   1130.7562   0
       256   1151.6903   1124.4312   0
       257   1240.6777   1119.8124   0
       258   1699.4608   1038.6678   0
       259   1207.6506   1038.3044   0
       260    598.1279   1115.2733   0
       261    630.9312   1047.4967   0
       262    789.1353   1051.2314   0
       263    378.9132   1056.2732   0
       264    817.0137   1069.6127   0
       265    213.8533   1082.8561   0
       266   1874.5592   1069.5032   0
       267   1021.9066   1071.2552   0
       268   1857.3816   1070.7261   0
       269    856.1171   1960.7267   0
       270    979.9446   1977.5288   0
       271   1481.7782   1926.7599   0
       272    348.3990   1932.8403   0
       273   1193.3004   1853.3081   0
       274   1872.1266   1849.2283   0
       275   1954.7765   1972.5039   0
       276   1871.5691   1984.5603   0
       277   1584.5426   1862.5219   0
       278   1898.5979   1911.7623   0
       279   1315.3524   1908.8148   0
       280    964.4118   1846.3495   0
       281   1894.8373   1879.1006   0
